4
933545
0
0
erase 8,1359,7980,524813,531888,921149,1048064,1049104,1547812
new 6,0,397,412,847,8492,8684
new 2,8684,9708
new 2,9708,10732
new 2,10732,11756
new 2,11756,12780
new 2,12780,13804
new 2,13804,14828
new 2,14828,15852
new 2,15852,16876
new 2,16876,17900
new 2,17900,18924
new 2,18924,19948
new 2,19948,20972
new 2,20972,21996
new 2,21996,23020
new 2,23020,24044
new 2,24044,25068
new 2,25068,26092
new 2,26092,27116
new 2,27116,28140
new 2,28140,29164
new 2,29164,30188
new 2,30188,31212
new 2,31212,32236
new 4,32236,32770,33148,33638
new 2,33638,34662
new 2,34662,35686
new 2,35686,36710
new 2,36710,37734
new 2,37734,38758
new 2,38758,39782
new 2,39782,40806
new 2,40806,41830
new 2,41830,42854
new 2,42854,43878
new 2,43878,44902
new 2,44902,45926
new 2,45926,46950
new 2,46950,47974
new 2,47974,48998
new 2,48998,50022
new 2,50022,51046
new 2,51046,52070
new 2,52070,53094
new 2,53094,54118
new 2,54118,55142
new 2,55142,56166
new 2,56166,57190
new 2,57190,58214
new 2,58214,59238
new 2,59238,60262
new 2,60262,61286
new 2,61286,62310
new 2,62310,63334
new 2,63334,64358
new 2,64358,65382
new 2,65382,66406
new 2,66406,67430
new 2,67430,68454
new 2,68454,69478
new 2,69478,70502
new 2,70502,71526
new 2,71526,72550
new 2,72550,73574
new 2,73574,74598
new 2,74598,75622
new 2,75622,76646
new 2,76646,77670
new 2,77670,78694
new 2,78694,79718
new 2,79718,80742
new 2,80742,81766
new 2,81766,82790
new 2,82790,83814
new 2,83814,84838
new 2,84838,85862
new 2,85862,86886
new 2,86886,87910
new 2,87910,88934
new 2,88934,89958
new 2,89958,90982
new 2,90982,92006
new 2,92006,93030
new 2,93030,94054
new 2,94054,95078
new 2,95078,96102
new 2,96102,97126
new 2,97126,98150
new 4,98150,98306,98684,99552
new 2,99552,100576
new 2,100576,101600
new 2,101600,102624
new 2,102624,103648
new 2,103648,104672
new 2,104672,105696
new 2,105696,106720
new 2,106720,107744
new 2,107744,108768
new 2,108768,109792
new 2,109792,110816
new 2,110816,111840
new 2,111840,112864
new 2,112864,113888
new 2,113888,114912
new 2,114912,115936
new 2,115936,116960
new 2,116960,117984
new 2,117984,119008
new 2,119008,120032
new 2,120032,121056
new 2,121056,122080
new 2,122080,123104
new 2,123104,124128
new 2,124128,125152
new 2,125152,126176
new 2,126176,127200
new 2,127200,128224
new 2,128224,129248
new 2,129248,130272
new 2,130272,131296
new 2,131296,132320
new 2,132320,133344
new 2,133344,134368
new 2,134368,135392
new 2,135392,136416
new 2,136416,137440
new 2,137440,138464
new 2,138464,139488
new 2,139488,140512
new 2,140512,141536
new 2,141536,142560
new 2,142560,143584
new 2,143584,144608
new 2,144608,145632
new 2,145632,146656
new 2,146656,147680
new 2,147680,148704
new 2,148704,149728
new 2,149728,150752
new 2,150752,151776
new 2,151776,152800
new 2,152800,153824
new 2,153824,154848
new 2,154848,155872
new 2,155872,156896
new 2,156896,157920
new 2,157920,158944
new 2,158944,159968
new 2,159968,160992
new 2,160992,162016
new 2,162016,163040
new 4,163040,163842,164220,164442
new 2,164442,165466
new 2,165466,166490
new 2,166490,167514
new 2,167514,168538
new 2,168538,169562
new 2,169562,170586
new 2,170586,171610
new 2,171610,172634
new 2,172634,173658
new 2,173658,174682
new 2,174682,175706
new 2,175706,176730
new 2,176730,177754
new 2,177754,178778
new 2,178778,179802
new 2,179802,180826
new 2,180826,181850
new 2,181850,182874
new 2,182874,183898
new 2,183898,184922
new 2,184922,185946
new 2,185946,186970
new 2,186970,187994
new 2,187994,189018
new 2,189018,190042
new 2,190042,191066
new 2,191066,192090
new 2,192090,193114
new 2,193114,194138
new 2,194138,195162
new 2,195162,196186
new 2,196186,197210
new 2,197210,198234
new 2,198234,199258
new 2,199258,200282
new 2,200282,201306
new 2,201306,202330
new 2,202330,203354
new 2,203354,204378
new 2,204378,205402
new 2,205402,206426
new 2,206426,207450
new 2,207450,208474
new 2,208474,209498
new 2,209498,210522
new 2,210522,211546
new 2,211546,212570
new 2,212570,213594
new 2,213594,214618
new 2,214618,215642
new 2,215642,216666
new 2,216666,217690
new 2,217690,218714
new 2,218714,219738
new 2,219738,220762
new 2,220762,221786
new 2,221786,222810
new 2,222810,223834
new 2,223834,224858
new 2,224858,225882
new 2,225882,226906
new 2,226906,227930
new 2,227930,228954
new 4,228954,229378,229756,230356
new 2,230356,231380
new 2,231380,232404
new 2,232404,233428
new 2,233428,234452
new 2,234452,235476
new 2,235476,236500
new 2,236500,237524
new 2,237524,238548
new 2,238548,239572
new 2,239572,240596
new 2,240596,241620
new 2,241620,242644
new 2,242644,243668
new 2,243668,244692
new 2,244692,245716
new 2,245716,246740
new 2,246740,247764
new 2,247764,248788
new 2,248788,249812
new 2,249812,250836
new 2,250836,251860
new 2,251860,252884
new 2,252884,253908
new 2,253908,254932
new 2,254932,255956
new 2,255956,256980
new 2,256980,258004
new 2,258004,259028
new 2,259028,260052
new 2,260052,261076
new 2,261076,262100
new 2,262100,263124
new 2,263124,264148
new 2,264148,265172
new 2,265172,266196
new 2,266196,267220
new 2,267220,268244
new 2,268244,269268
new 2,269268,270292
new 2,270292,271316
new 2,271316,272340
new 2,272340,273364
new 2,273364,274388
new 2,274388,275412
new 2,275412,276436
new 2,276436,277460
new 2,277460,278484
new 2,278484,279508
new 2,279508,280532
new 2,280532,281556
new 2,281556,282580
new 2,282580,283604
new 2,283604,284628
new 2,284628,285652
new 2,285652,286676
new 2,286676,287700
new 2,287700,288724
new 2,288724,289748
new 2,289748,290772
new 2,290772,291796
new 2,291796,292820
new 2,292820,293844
new 2,293844,294868
new 4,294868,294914,295292,296270
new 2,296270,297294
new 2,297294,298318
new 2,298318,299342
new 2,299342,300366
new 2,300366,301390
new 2,301390,302414
new 2,302414,303438
new 2,303438,304462
new 2,304462,305486
new 2,305486,306510
new 2,306510,307534
new 2,307534,308558
new 2,308558,309582
new 2,309582,310606
new 2,310606,311630
new 2,311630,312654
new 2,312654,313678
new 2,313678,314702
new 2,314702,315726
new 2,315726,316750
new 2,316750,317774
new 2,317774,318798
new 2,318798,319822
new 2,319822,320846
new 2,320846,321870
new 2,321870,322894
new 2,322894,323918
new 2,323918,324942
new 2,324942,325966
new 2,325966,326990
new 2,326990,328014
new 2,328014,329038
new 2,329038,330062
new 2,330062,331086
new 2,331086,332110
new 2,332110,333134
new 2,333134,334158
new 2,334158,335182
new 2,335182,336206
new 2,336206,337230
new 2,337230,338254
new 2,338254,339278
new 2,339278,340302
new 2,340302,341326
new 2,341326,342350
new 2,342350,343374
new 2,343374,344398
new 2,344398,345422
new 2,345422,346446
new 2,346446,347470
new 2,347470,348494
new 2,348494,349518
new 2,349518,350542
new 2,350542,351566
new 2,351566,352590
new 2,352590,353614
new 2,353614,354638
new 2,354638,355662
new 2,355662,356686
new 2,356686,357710
new 2,357710,358734
new 2,358734,359758
new 2,359758,360782
new 2,360782,361806
new 2,361806,362830
new 2,362830,363854
new 2,363854,364878
new 2,364878,365902
new 2,365902,366926
new 2,366926,367950
new 2,367950,368974
new 2,368974,369998
new 2,369998,371022
new 2,371022,372046
new 2,372046,373070
new 2,373070,374094
new 2,374094,375118
new 2,375118,376142
new 2,376142,377166
new 2,377166,378190
new 2,378190,379214
new 2,379214,380238
new 2,380238,381262
new 2,381262,382286
new 2,382286,383310
new 2,383310,384334
new 2,384334,385358
new 2,385358,386382
new 2,386382,387406
new 2,387406,388430
new 2,388430,389454
new 2,389454,390478
new 2,390478,391502
new 2,391502,392526
new 2,392526,393550
new 2,393550,394574
new 2,394574,395598
new 2,395598,396622
new 2,396622,397646
new 2,397646,398670
new 2,398670,399694
new 2,399694,400718
new 2,400718,401742
new 2,401742,402766
new 2,402766,403790
new 2,403790,404814
new 2,404814,405838
new 2,405838,406862
new 2,406862,407886
new 2,407886,408910
new 2,408910,409934
new 2,409934,410958
new 2,410958,411982
new 2,411982,413006
new 2,413006,414030
new 2,414030,415054
new 2,415054,416078
new 2,416078,417102
new 2,417102,418126
new 2,418126,419150
new 2,419150,420174
new 2,420174,421198
new 2,421198,422222
new 2,422222,423246
new 2,423246,424270
new 2,424270,425294
new 2,425294,426318
new 2,426318,427342
new 2,427342,428366
new 2,428366,429390
new 2,429390,430414
new 2,430414,431438
new 2,431438,432462
new 2,432462,433486
new 2,433486,434510
new 2,434510,435534
new 2,435534,436558
new 2,436558,437582
new 2,437582,438606
new 2,438606,439630
new 2,439630,440654
new 2,440654,441678
new 2,441678,442702
new 2,442702,443726
new 2,443726,444750
new 2,444750,445774
new 2,445774,446798
new 2,446798,447822
new 2,447822,448846
new 2,448846,449870
new 2,449870,450894
new 2,450894,451918
new 2,451918,452942
new 2,452942,453966
new 2,453966,454990
new 2,454990,456014
new 2,456014,457038
new 2,457038,458062
new 2,458062,459086
new 2,459086,460110
new 2,460110,461134
new 2,461134,462158
new 2,462158,463182
new 2,463182,464206
new 2,464206,465230
new 2,465230,466254
new 2,466254,467278
new 2,467278,468302
new 2,468302,469326
new 2,469326,470350
new 2,470350,471374
new 2,471374,472398
new 2,472398,473422
new 2,473422,474446
new 2,474446,475470
new 2,475470,476494
new 2,476494,477518
new 2,477518,478542
new 2,478542,479566
new 2,479566,480590
new 2,480590,481614
new 2,481614,482638
new 2,482638,483662
new 2,483662,484686
new 2,484686,485710
new 2,485710,486734
new 2,486734,487758
new 2,487758,488782
new 2,488782,489806
new 2,489806,490830
new 2,490830,491854
new 2,491854,492878
new 2,492878,493902
new 2,493902,494926
new 2,494926,495950
new 2,495950,496974
new 2,496974,497998
new 2,497998,499022
new 2,499022,500046
new 2,500046,501070
new 2,501070,502094
new 2,502094,503118
new 2,503118,504142
new 2,504142,505166
new 2,505166,506190
new 2,506190,507214
new 2,507214,508238
new 2,508238,509262
new 2,509262,510286
new 2,510286,511310
new 2,511310,512334
new 2,512334,513358
new 2,513358,514382
new 2,514382,515406
new 2,515406,516430
new 2,516430,517454
new 2,517454,518478
new 2,518478,519502
new 2,519502,520526
new 2,520526,521550
new 2,521550,522574
new 2,522574,523598
new 4,523598,524301,532400,532721
new 2,532721,533745
new 2,533745,534769
new 2,534769,535793
new 2,535793,536817
new 2,536817,537841
new 2,537841,538865
new 2,538865,539889
new 2,539889,540913
new 2,540913,541937
new 2,541937,542961
new 2,542961,543985
new 2,543985,545009
new 2,545009,546033
new 2,546033,547057
new 2,547057,548081
new 2,548081,549105
new 2,549105,550129
new 2,550129,551153
new 2,551153,552177
new 2,552177,553201
new 2,553201,554225
new 2,554225,555249
new 2,555249,556273
new 2,556273,557297
new 2,557297,558321
new 2,558321,559345
new 2,559345,560369
new 2,560369,561393
new 2,561393,562417
new 2,562417,563441
new 2,563441,564465
new 2,564465,565489
new 2,565489,566513
new 2,566513,567537
new 2,567537,568561
new 2,568561,569585
new 2,569585,570609
new 2,570609,571633
new 2,571633,572657
new 2,572657,573681
new 2,573681,574705
new 2,574705,575729
new 2,575729,576753
new 2,576753,577777
new 2,577777,578801
new 2,578801,579825
new 2,579825,580849
new 2,580849,581873
new 2,581873,582897
new 2,582897,583921
new 2,583921,584945
new 2,584945,585969
new 2,585969,586993
new 2,586993,588017
new 2,588017,589041
new 2,589041,590065
new 2,590065,591089
new 2,591089,592113
new 2,592113,593137
new 2,593137,594161
new 2,594161,595185
new 2,595185,596209
new 2,596209,597233
new 2,597233,598257
new 2,598257,599281
new 2,599281,600305
new 2,600305,601329
new 2,601329,602353
new 2,602353,603377
new 2,603377,604401
new 2,604401,605425
new 2,605425,606449
new 2,606449,607473
new 2,607473,608497
new 2,608497,609521
new 2,609521,610545
new 2,610545,611569
new 2,611569,612593
new 2,612593,613617
new 2,613617,614641
new 2,614641,615665
new 2,615665,616689
new 2,616689,617713
new 2,617713,618737
new 2,618737,619761
new 2,619761,620785
new 2,620785,621809
new 2,621809,622833
new 2,622833,623857
new 2,623857,624881
new 2,624881,625905
new 2,625905,626929
new 2,626929,627953
new 2,627953,628977
new 2,628977,630001
new 2,630001,631025
new 2,631025,632049
new 2,632049,633073
new 2,633073,634097
new 2,634097,635121
new 2,635121,636145
new 2,636145,637169
new 2,637169,638193
new 2,638193,639217
new 2,639217,640241
new 2,640241,641265
new 2,641265,642289
new 2,642289,643313
new 2,643313,644337
new 2,644337,645361
new 2,645361,646385
new 2,646385,647409
new 2,647409,648433
new 2,648433,649457
new 2,649457,650481
new 2,650481,651505
new 2,651505,652529
new 2,652529,653553
new 2,653553,654577
new 2,654577,655601
new 2,655601,656625
new 2,656625,657649
new 2,657649,658673
new 2,658673,659697
new 2,659697,660721
new 2,660721,661745
new 2,661745,662769
new 2,662769,663793
new 2,663793,664817
new 2,664817,665841
new 2,665841,666865
new 2,666865,667889
new 2,667889,668913
new 2,668913,669937
new 2,669937,670961
new 2,670961,671985
new 2,671985,673009
new 2,673009,674033
new 2,674033,675057
new 2,675057,676081
new 2,676081,677105
new 2,677105,678129
new 2,678129,679153
new 2,679153,680177
new 2,680177,681201
new 2,681201,682225
new 2,682225,683249
new 2,683249,684273
new 2,684273,685297
new 2,685297,686321
new 2,686321,687345
new 2,687345,688369
new 2,688369,689393
new 2,689393,690417
new 2,690417,691441
new 2,691441,692465
new 2,692465,693489
new 2,693489,694513
new 2,694513,695537
new 2,695537,696561
new 2,696561,697585
new 2,697585,698609
new 2,698609,699633
new 2,699633,700657
new 2,700657,701681
new 2,701681,702705
new 2,702705,703729
new 2,703729,704753
new 2,704753,705777
new 2,705777,706801
new 2,706801,707825
new 2,707825,708849
new 2,708849,709873
new 2,709873,710897
new 2,710897,711921
new 2,711921,712945
new 2,712945,713969
new 2,713969,714993
new 2,714993,716017
new 2,716017,717041
new 2,717041,718065
new 2,718065,719089
new 2,719089,720113
new 2,720113,721137
new 2,721137,722161
new 2,722161,723185
new 2,723185,724209
new 2,724209,725233
new 2,725233,726257
new 2,726257,727281
new 2,727281,728305
new 2,728305,729329
new 2,729329,730353
new 2,730353,731377
new 2,731377,732401
new 2,732401,733425
new 2,733425,734449
new 2,734449,735473
new 2,735473,736497
new 2,736497,737521
new 2,737521,738545
new 2,738545,739569
new 2,739569,740593
new 2,740593,741617
new 2,741617,742641
new 2,742641,743665
new 2,743665,744689
new 2,744689,745713
new 2,745713,746737
new 2,746737,747761
new 2,747761,748785
new 2,748785,749809
new 2,749809,750833
new 2,750833,751857
new 2,751857,752881
new 2,752881,753905
new 2,753905,754929
new 2,754929,755953
new 2,755953,756977
new 2,756977,758001
new 2,758001,759025
new 2,759025,760049
new 2,760049,761073
new 2,761073,762097
new 2,762097,763121
new 2,763121,764145
new 2,764145,765169
new 2,765169,766193
new 2,766193,767217
new 2,767217,768241
new 2,768241,769265
new 2,769265,770289
new 2,770289,771313
new 2,771313,772337
new 2,772337,773361
new 2,773361,774385
new 2,774385,775409
new 2,775409,776433
new 2,776433,777457
new 2,777457,778481
new 2,778481,779505
new 2,779505,780529
new 2,780529,781553
new 2,781553,782577
new 2,782577,783601
new 2,783601,784625
new 2,784625,785649
new 2,785649,786673
new 2,786673,787697
new 2,787697,788721
new 2,788721,789745
new 2,789745,790769
new 2,790769,791793
new 2,791793,792817
new 2,792817,793841
new 2,793841,794865
new 2,794865,795889
new 2,795889,796913
new 2,796913,797937
new 2,797937,798961
new 2,798961,799985
new 2,799985,801009
new 2,801009,802033
new 2,802033,803057
new 2,803057,804081
new 2,804081,805105
new 2,805105,806129
new 2,806129,807153
new 2,807153,808177
new 2,808177,809201
new 2,809201,810225
new 2,810225,811249
new 2,811249,812273
new 2,812273,813297
new 2,813297,814321
new 2,814321,815345
new 2,815345,816369
new 2,816369,817393
new 2,817393,818417
new 4,818417,819202,819580,819819
new 2,819819,820843
new 2,820843,821867
new 2,821867,822891
new 2,822891,823915
new 2,823915,824939
new 2,824939,825963
new 2,825963,826987
new 2,826987,828011
new 2,828011,829035
new 2,829035,830059
new 2,830059,831083
new 2,831083,832107
new 2,832107,833131
new 2,833131,834155
new 2,834155,835179
new 2,835179,836203
new 2,836203,837227
new 2,837227,838251
new 2,838251,839275
new 2,839275,840299
new 2,840299,841323
new 2,841323,842347
new 2,842347,843371
new 2,843371,844395
new 2,844395,845419
new 2,845419,846443
new 2,846443,847467
new 2,847467,848491
new 2,848491,849515
new 2,849515,850539
new 2,850539,851563
new 2,851563,852587
new 2,852587,853611
new 2,853611,854635
new 2,854635,855659
new 2,855659,856683
new 2,856683,857707
new 2,857707,858731
new 2,858731,859755
new 2,859755,860779
new 2,860779,861803
new 2,861803,862827
new 2,862827,863851
new 2,863851,864875
new 2,864875,865899
new 2,865899,866923
new 2,866923,867947
new 2,867947,868971
new 2,868971,869995
new 2,869995,871019
new 2,871019,872043
new 2,872043,873067
new 2,873067,874091
new 2,874091,875115
new 2,875115,876139
new 2,876139,877163
new 2,877163,878187
new 2,878187,879211
new 2,879211,880235
new 2,880235,881259
new 2,881259,882283
new 2,882283,883307
new 2,883307,884331
new 4,884331,884738,885116,885733
new 2,885733,886757
new 2,886757,887781
new 2,887781,888805
new 2,888805,889829
new 2,889829,890853
new 2,890853,891877
new 2,891877,892901
new 2,892901,893925
new 2,893925,894949
new 2,894949,895973
new 2,895973,896997
new 2,896997,898021
new 2,898021,899045
new 2,899045,900069
new 2,900069,901093
new 2,901093,902117
new 2,902117,903141
new 2,903141,904165
new 2,904165,905189
new 2,905189,906213
new 2,906213,907237
new 2,907237,908261
new 2,908261,909285
new 2,909285,910309
new 2,910309,911333
new 2,911333,912357
new 2,912357,913381
new 2,913381,914405
new 2,914405,915429
new 2,915429,916453
new 2,916453,917477
new 2,917477,918501
new 2,918501,919525
new 2,919525,920549
new 8,920549,920637,1048576,1048577,1048591,1048592,1548324,1549258
new 2,1549258,1550282
new 2,1550282,1551306
new 2,1551306,1552330
new 2,1552330,1553354
new 2,1553354,1554378
new 2,1554378,1555402
new 2,1555402,1556426
new 2,1556426,1557450
new 2,1557450,1558474
new 2,1558474,1559498
new 2,1559498,1560522
new 2,1560522,1561546
new 2,1561546,1562570
new 2,1562570,1563594
new 2,1563594,1564618
new 2,1564618,1565642
new 2,1565642,1566666
new 2,1566666,1567690
new 2,1567690,1568714
new 2,1568714,1569738
new 2,1569738,1570762
new 2,1570762,1571786
new 2,1571786,1572810
new 2,1572810,1572864
zero 6,397,412,847,1359,7980,8477
zero 8,8477,8492,32770,33148,98306,98684,163842,164095
zero 8,164095,164220,229378,229756,294914,295292,524301,524444
zero 6,524444,524813,531888,532400,819202,819345
zero 6,819345,819580,884738,885116,920637,921048
zero 8,921048,921149,1048064,1048576,1048577,1048591,1048592,1048989
zero 4,1048989,1049104,1547812,1548324
